00 ff ff ff ff ff ff 00  4c 2d 41 08 01 00 00 00
08 15 01 03 80 66 39 78  0a ee 9d a3 54 47 99 26
0f 47 4a bd ef 80 71 4f  81 00 81 40 81 80 95 00
95 0f b3 00 a9 40 02 3a  80 18 71 38 2d 40 58 2c
45 00 75 f2 31 00 00 1e  66 21 50 b0 51 00 1b 30
40 70 36 00 75 f2 31 00  00 1e 00 00 00 fd 00 18
4b 1a 51 17 00 0a 20 20  20 20 20 20 00 00 00 fc
00 53 79 6e 63 4d 61 73  74 65 72 0a 20 20 01 31
02 03 22 f1 4a 90 1f 05  14 22 20 04 13 03 12 23
09 07 07 83 01 00 00 e2  00 0f 67 03 0c 00 10 00
80 2d 01 1d 00 72 51 d0  1e 20 6e 28 55 00 75 f2
31 00 00 1e 01 1d 80 18  71 1c 16 20 58 2c 25 00
75 f2 31 00 00 9e 8c 0a  d0 8a 20 e0 2d 10 10 3e
96 00 75 f2 31 00 00 18  02 3a 80 d0 72 38 2d 40
10 2c 45 80 75 f2 31 00  00 1e 00 00 00 00 00 00
00 00 00 00 00 00 00 00  00 00 00 00 00 00 00 83
