00 ff ff ff ff ff ff 00  09 d1 16 75 08 00 00 00
1c 10 01 03 80 52 2e 82  2a 3e 52 a3 54 47 99 26
0f 48 4a ad ce 00 81 80  81 40 71 4f 01 01 01 01
01 01 01 01 01 01 01 1d  80 18 71 1c 16 20 58 2c
25 00 34 cc 31 00 00 9e  66 21 50 b0 51 00 1b 30
40 70 36 00 34 cc 31 00  00 1e 00 00 00 fc 00 56
33 37 43 20 20 0a 20 20  20 20 20 20 00 00 00 fd
00 2f 55 0d 46 0f 00 0a  20 20 20 20 20 20 01 88
02 03 1b 71 48 10 1f 04  85 13 14 03 12 23 09 07
07 83 01 00 00 65 03 0c  00 10 00 01 1d 00 bc 52
d0 1e 20 b8 28 55 40 34  cc 31 00 00 1e 01 1d 80
d0 72 1c 16 20 10 2c 25  80 34 cc 31 00 00 9e 8c
0a d0 8a 20 e0 2d 10 10  3e 96 00 34 cc 31 00 00
18 8c 0a d0 90 20 40 31  20 0c 40 55 00 34 cc 31
00 00 18 01 1d 00 72 51  d0 1e 20 6e 28 55 00 34
cc 31 00 00 1e 00 00 00  00 00 00 00 00 00 00 fd
