00 ff ff ff ff ff ff 00  1e 6d 7a 75 54 3d 04 00
0a 10 01 03 80 46 27 78  ea fc 31 a3 57 47 9b 25
10 49 4b a5 6a 80 81 80  71 40 61 59 45 59 31 59
01 01 01 01 01 01 30 2a  00 98 51 00 2a 40 30 70
13 00 bc 88 21 00 00 1e  1b 21 50 a0 51 00 1e 30
48 88 35 00 bc 88 21 00  00 1c 00 00 00 fd 00 38
55 1e 48 0b 00 0a 20 20  20 20 20 20 00 00 00 fc
00 4d 33 32 30 31 43 0a  20 20 20 20 20 20 01 79
02 03 24 f1 49 85 04 02  01 03 11 12 13 14 23 09
07 07 23 09 07 07 23 09  07 07 83 01 00 00 65 03
0c 00 10 00 01 1d 00 80  51 d0 1c 20 40 80 35 00
bc 88 21 00 00 1e 8c 0a  d0 8a 20 e0 2d 10 10 3e
96 00 13 8e 21 00 00 18  2a 12 00 10 41 43 17 20
28 60 35 00 00 00 32 00  00 1c 01 1d 80 18 71 1c
16 20 58 2c 25 00 c4 8e  21 00 00 9e 00 00 00 00
00 00 00 00 00 00 00 00  00 00 00 00 00 00 00 6b
